1501001011
1501001021
1501001033
1501001034
1501001035
1501001097
1501001105
1501001126
1501001145
1501001146
1501001173
1501001174
1501001175
1501001187
1501001198
1501001199
1501001200
1501001201
1501001205
1501001207
1501002005
1501002017
1501002031
1501002032
1501001218
1501001219
1501001227
1501001228
1501001253
1501001264
1501001267
1501001269
1501001271
1501001272
1501001279
1501001280
1501001284
1501001294
1501001295
1501002037
1501002038
1501002039
1501002045
1501002056
1501002070
1501002085
1501002086
1501002087
1501002095
1501002097
1501002118
1501002135
1501002155
1501002164
1501002172
1501002179
1501002181
1501002198
1501002298
1501002300
1501002308
1501002310
1501002311
1501002326
1501002209
1501002210
1501002211
1501002212
1501002988
1501002989
1501003036
1501003038
1501003047
1501003049
1501003059
1501003060
1501003067
1501003068
1501002725
1501002173
