1501001002
1501001011
1501001021
1501001033
1501001034
1501001035
1501001097
1501001105
1501001126
1501001142
1501001143
1501001144
1501001145
1501001146
1501001152
1501001153
1501001154
1501001159
1501001160
1501001164
1501001173
1501001174
1501001175
1501001187
1501001198
1501001199
1501001200
1501001201
1501001205
1501001207
1501002005
1501002017
1501002031
1501002032
1501001218
1501001219
1501001227
1501001228
1501001230
1501001238
1501001252
1501001253
1501001264
1501001267
1501001269
1501001271
1501001272
1501001279
1501001280
1501001284
1501001294
1501001295
1501002037
1501002038
1501002039
1501002045
1501002056
1501002070
1501002085
1501002086
1501002087
1501002095
1501002097
1501002118
1501002135
1501002155
1501002164
1501002172
1501002179
1501002181
1501002198
1501002243
1501002250
1501002251
1501002252
1501002265
1501002297
1501002298
1501002300
1501002308
1501002310
1501002311
1501002326
1501002328
1501002331
1501002336
1501002362
1501002374
1501002401
1501002403
1501002406
1501002419
1501002209
1501002210
1501002211
1501002212
1501002215
1501002217
1501002241
1501002242
1501002431
1501002432
1501002458
1501002459
1501002460
1501002468
1501002469
1501002470
1501002471
1501002481
1501002502
1501002503
1501002515
1501002520
1501002524
1501002530
1501002531
1501002534
1501002535
1501002551
1501002552
1501002564
1501002566
1501002579
1501002581
1501002585
1501002766
1501002767
1501002768
1501002769
1501002776
1501002777
1501002785
1501002787
1501002788
1501002798
1501002799
1501002988
1501002989
1501003036
1501003038
1501003047
1501003049
1501003059
1501003060
1501003067
1501003068
1501002604
1501002615
1501002616
1501002617
1501002618
1501002629
1501002634
1501002653
1501002655
1501002662
1501002663
1501002665
1501002676
1501002682
1501002705
1501002716
1501002722
1501002723
1501002724
1501002725
1501002726
1501002727
1501002734
1501002737
1501002743
1501002744
1501002757
1501002765
1501002173
1501002628
1501002647
1501001011
1501001021
1501001033
1501001034
1501001035
1501001097
1501001105
1501001126
1501001145
1501001146
1501001173
1501001174
1501001175
1501001187
1501001198
1501001199
1501001200
1501001201
1501001205
1501001207
1501002005
1501002017
1501002031
1501002032
1501001218
1501001219
1501001227
1501001228
1501001253
1501001264
1501001267
1501001269
1501001271
1501001272
1501001279
1501001280
1501001284
1501001294
1501001295
1501002037
1501002038
1501002039
1501002045
1501002056
1501002070
1501002085
1501002086
1501002087
1501002095
1501002097
1501002118
1501002135
1501002155
1501002164
1501002172
1501002179
1501002181
1501002198
1501002298
1501002300
1501002308
1501002310
1501002311
1501002326
1501002209
1501002210
1501002211
1501002212
1501002988
1501002989
1501002725
1501002173
9501002155
9501002467
9501002497
9501002500
9501002501
9501002511
9501002512
9501002533
9501002556
9501002558
9501002559
9501002570
9501002596
9501002600
9501002620
9501002658
9501002713
9501002725
9501002735
9501002737
9501002738
9501002756
9501002790
9501002792
9501002824
9501002841
9501002849
9501002899
9501002932
9501002947
9501002952
9501002954
9501002958
9501002977
9501003009
9501003054
9501003057
9501003111
9501003199
9501003211
9501003235
9501003252
9501003259
9501003269
9501003292
9501003304
9501003316
9501003324
9501003347
9501003369
9501003416
9501003429
9501003450
9501003466
9501002155
9501002756
9501003057
9501003211
9501003347
9501003369
9501003416
9501003429
9501003450
9501003466
9501002155
9501002756
9501003057
9501003211
1301000884
1301004455
1501000681
1501000703
1501000738
1501000826
1501000976
1301004913
1301006508
1301006509
1401000972
1401001297
1401002963
1401002969
1401003250
1401003650
1301001818
1401005714
1401005795
9601000289
9601000290
9601000488
9601001129
9601001185
9601001194
9601001196
9601001208
9601001217
9601001311
9601001321
9601001336
9601001344
9601001345
9601001347
9601001351
9601001360
9601001404
9601001434
9601001492
9601001503
9601001544
9601001548
9601001564
9601001568
9601001572
9601001647
9601001685
9601001703
9601001723
9601001750
9601001758
9601001760
9601001774
9601001803
9601001805
9601001872
9601001874
9601001927
9601001952
9601001975
9601001129
9601001347
9601001703
1503001186
0701000829
0701002361
0701002409
0801002186
0901000931
0801002083
0701000257
0701000538
0401001119
0601003380
0601006484
0601006487
0601003875
0101001549
0301000065
0301001992
0301004353
0401000696
0401000697
0401001948
0501002547
0601000648
0601006148
9401000307
0101001041
1301003983
1101000091
1503000496
1503001055
1503001068
1503001086
1503001090
1503001091
0501005875
0601000650
0701000912
0801000295
0801002435
0801003700
0901000267
0901000384
0901000501
0901000580
0901000610
0901000779
0901000780
0901000797
0901000812
0901000823
0901000957
0901001011
0901001018
0901001070
0901001418
0901001586
0901001622
0901001637
0901001671
0901001761
0901001904
0901001971
0901002068
0901002119
0901002128
0901002527
0901002625
0901003033
0901003103
0901003134
0901003340
0901003788
0901003826
0901003833
0901003860
0901003918
0901003962
0901003964
0901004067
0901004068
0901004092
0901004355
0901004569
0901004900
0901004974
0901005077
0901005131
0901005397
0901005614
1503000469
1503000478
1503000494
1503000495
1503000808
1503000817
1503000839
1301002592
1101000095
9701004501
1401004927
1101000567
0801006630
1301004261
1301001109
1301001212
0501001585
0101000207
0301000453
0301002772
0401000038
1101001372
1201003287
1201003291
1201003294
1201006179
1401004040
1401004128
1401004131
1401004132
1401004134
1401004135
1401004139
1401004141
1401004414
1401004458
1401004660
1401004815
1401004825
1401004855
1401004856
1401004860
1401004863
1401004868
1401004870
1401004877
1401004891
1401004916
1401004919
1401004933
1401004936
1401004939
1401004956
1401004987
1401004991
1401005057
1401005058
1401005089
1401005118
1401005128
1401005143
1401005198
1401005199
1401005203
1401005216
1401005267
1401005269
1401005302
1401005308
1401005312
1401005314
1401005340
1401005401
1401005409
1401005410
1401005411
1401005426
1401005432
1401005433
1401005443
1401005468
1401005471
1401005490
1401005506
1401005527
1401005528
1401005545
1401005570
1401005633
1401005668
1401005680
1401005724
1401005737
1401005765
1401005777
1401005880
1401005900
1401005937
1401005942
1401005944
1401005979
1401005980
1401005981
1401006005
1401006009
1401006048
1401006049
1401006050
1401006069
1401006081
1401006082
1401006092
1401006117
1401006118
1401006135
1401006143
1401006171
1401006173
1401006187
1401006196
1401006223
1401006242
1401006247
1401006254
1401006263
1401006295
1401006306
1401006309
1401006323
1401006327
1401006346
1401006350
1401006395
1401006440
1401006448
1401006476
1401006477
1401006513
1401006534
1401006535
1401006560
1401006572
1401006609
1401006662
1401006698
1401006702
1401006770
1401006839
1401006868
1401006888
1401006913
1401007034
1401007072
1401007178
1401007181
1401007200
1401007222
1401007225
1401007227
1401007285
1401007392
1401007411
1401007429
1401007438
1401007530
1401007543
1401007613
1401007662
1401007691
1401007695
1401007714
1401007747
1401007754
1401007775
1401007868
1401007870
1401007922
1401007923
1401007924
1401007943
1501000008
1501000014
1501000030
1501000031
1501000060
1501000061
1501000083
1501000101
1501000107
1501000112
1501000113
1501000115
1501000116
1501000119
1501000120
1501000121
1501000154
1501000159
1501000161
1501000185
1501000189
1501000198
1501000205
1501000210
1501000217
1501000221
1501000224
1501000225
1501000231
1501000237
0701002361
0701002409
0801002083
0601003380
0601006484
0601006487
0601003875
0801006630
0101001549
0301000065
0301001992
0301004353
0401000696
0401000697
0401001948
0501002547
0601000648
0601006148
9401000307
0401001119
0101001041
1301003983
1503001068
0501005875
0601000650
0701000912
0801000295
0801002435
0801003700
0901000780
0901001671
0901002119
9701004501
1401004927
0501001585
0101000207
0401002668
0601006611
1101003719
1301003311
1401001296
1401001986
1401004131
9901004348
1403000996
1001001656
1003000411
1503000997
1503000999
1503000144
1503000260
1203001262
1303000691
1303001281
1303001389
1303001505
1403000175
1403000242
1403000303
1403000755
1403000767
1403001093
1403001416
1403001444
1403001578
1403001579
1403001612
1503000343
0003000539
1103001074
1503000333
1303000158
1403000592
9601002716
9601002899
9601003029
9601003044
9601003465
9601003494
9601003551
9601003805
9601003905
9601003962
9601003978
9601003992
1103001293
1103001300
1103001301
1103001302
1103001311
1103001313
1103001319
1103001327
1103001332
1103001339
1103001340
1103001345
1103001347
1103001348
1103001349
1103001351
1103001352
1103001353
1103001354
1103001355
1103001359
1103001364
1103001369
1103001370
1103001371
1303000699
1403001101
1403001102
1403001103
1403001105
0803000066
0803000151
1003000055
1003000089
1103000859
1103000860
1203000565
1203000566
1203001300
1103001364
1103001369
1103001370
1103001371
0803000066
0803000151
1003000055
1003000089
1001000833
1001001802
1101003460
1001001501
1101002526
1101003657
1001001321
1001001096
1001000572
0801002358
1301000121
1301002061
1503000167
1503000205
1503000471
1503000472
1503000474
1503000558
1503000588
1503000672
1503000850
1503000909
1503001034
1503001168
1503001182
1503001187
1403000967
1403001001
1401001047
1501000688
1501000694
1501000735
1501000805
1501000977
1501000568
0001000958
0501000513
0501000680
0501000812
0501001900
0701000515
0701000701
0701003170
0801003229
0901001234
0901004309
9801004662
9901001739
1401004140
9801005073
0501001598
0601002252
0601001683
0601004163
0701002575
0701003494
0801000151
0801000722
0701006632
0801002166
0801002430
0801003239
0801003672
0801002951
0801003676
0801003774
0801003918
0801003946
0801004170
0801004480
0901000257
0801006595
0801005371
0901004788
0901000536
0901001862
0801004017
0801004245
0203000588
1401006808
